{
 "cells": [
  {
   "cell_type": "markdown",
   "metadata": {},
   "source": [
    "# Imports and Global Variables"
   ]
  },
  {
   "cell_type": "code",
   "execution_count": 1,
   "metadata": {},
   "outputs": [],
   "source": [
    "import os\n",
    "os.chdir('/Users/gil2rok/school/crispr-phylogeny2/code/Heracles')\n",
    "\n",
    "import pickle\n",
    "import torch\n",
    "import geoopt\n",
    "import icecream as ic\n",
    "import numpy as np\n",
    "import matplotlib.pyplot as plt\n",
    "import seaborn as sns\n",
    "import mlflow\n",
    "\n",
    "from mlflow import log_metric\n",
    "from scipy.linalg import expm\n",
    "from scipy.cluster.hierarchy import average, to_tree\n",
    "import icecream as ic\n",
    "\n",
    "from metrics import dist_correlation, rf, tc2\n",
    "from logalike import Logalike\n",
    "from util.util import char_matrix_to_dist_matrix, embed_tree, estimate_tree, manifold_dist, compute_error"
   ]
  },
  {
   "cell_type": "code",
   "execution_count": 2,
   "metadata": {},
   "outputs": [
    {
     "data": {
      "text/plain": [
       "<Experiment: artifact_location='mlflow-artifacts:/0', creation_time=1681143470700, experiment_id='0', last_update_time=1681175451897, lifecycle_stage='active', name='heracles_official', tags={}>"
      ]
     },
     "execution_count": 2,
     "metadata": {},
     "output_type": "execute_result"
    }
   ],
   "source": [
    "%load_ext autoreload\n",
    "%autoreload 2\n",
    "\n",
    "sns.set_theme()\n",
    "path = 'data' # relative path between parent directory (set above) to directory with saved data\n",
    "\n",
    "mlflow.set_tracking_uri('http://127.0.0.1:5000')  # set up connection\n",
    "mlflow.set_experiment('heracles_official')          # set the experiment"
   ]
  },
  {
   "cell_type": "markdown",
   "metadata": {},
   "source": [
    "# Util Functions"
   ]
  },
  {
   "cell_type": "code",
   "execution_count": 3,
   "metadata": {},
   "outputs": [],
   "source": [
    "def generate_Q(num_sites, num_states):\n",
    "    \n",
    "    deletion_rate = 9e-4 # global deletion rate \n",
    "    mutation_rate = [0.1] * num_sites # site-specific mutation rate\n",
    "    indel_distribution = [1/num_states] * num_states\n",
    "    \n",
    "    Q = torch.zeros(num_sites + num_states + 1, num_sites + num_states + 1)\n",
    "\n",
    "    for i in range(num_sites + num_states): # fill in diagonals\n",
    "        if i < num_sites:\n",
    "            Q[i,i] = - (mutation_rate[i] + deletion_rate)\n",
    "        else:\n",
    "            Q[i,i] = - deletion_rate\n",
    "            \n",
    "    for i in range(num_sites): # fill in upper right\n",
    "        for j in range(num_states):\n",
    "            Q[i, num_sites + j] = mutation_rate[i] * indel_distribution[j]\n",
    "            \n",
    "    for i in range(num_sites + num_states):\n",
    "        Q[i, -1] = deletion_rate\n",
    "        \n",
    "    return Q"
   ]
  },
  {
   "cell_type": "markdown",
   "metadata": {},
   "source": [
    "# Running Model"
   ]
  },
  {
   "cell_type": "code",
   "execution_count": 4,
   "metadata": {},
   "outputs": [],
   "source": [
    "# load true tree\n",
    "fname = os.path.join(path, 'true_tree')\n",
    "with open(fname, 'rb') as file:\n",
    "    true_tree = pickle.load(file)\n",
    "    \n",
    "# load parameters for infinitesimal generator Q\n",
    "fname = os.path.join(path, 'params')\n",
    "with open(fname, 'rb') as file:\n",
    "    params = pickle.load(file)"
   ]
  },
  {
   "cell_type": "code",
   "execution_count": 5,
   "metadata": {},
   "outputs": [],
   "source": [
    "# hyper-params\n",
    "char_matrix = true_tree.character_matrix.drop_duplicates().to_numpy(dtype=int) # character matrix of leaf cells\n",
    "char_matrix = np.concatenate((char_matrix, np.zeros((1, char_matrix.shape[1]))), axis=0) # add unmodified cell\n",
    "\n",
    "num_cells = char_matrix.shape[0] # number of cells\n",
    "num_sites = char_matrix.shape[1] # number of target sites\n",
    "num_states = 15\n",
    "embedding_dim = 3\n",
    "\n",
    "Q_list = [generate_Q(num_sites, num_states) for _ in range(num_sites)]\n",
    "rho = torch.tensor([2], dtype=torch.float64)"
   ]
  },
  {
   "cell_type": "code",
   "execution_count": 12,
   "metadata": {},
   "outputs": [
    {
     "name": "stderr",
     "output_type": "stream",
     "text": [
      "/Users/gil2rok/mambaforge/envs/crispr-phylogeny/lib/python3.10/site-packages/cassiopeia/data/utilities.py:166: CassiopeiaTreeWarning: Failed to numbaize dissimilarity function. Falling back to Python.\n",
      "  warnings.warn(\n",
      "/Users/gil2rok/school/crispr-phylogeny2/code/Heracles/src/metrics.py:16: UserWarning: To copy construct from a tensor, it is recommended to use sourceTensor.clone().detach() or sourceTensor.clone().detach().requires_grad_(True), rather than torch.tensor(sourceTensor).\n",
      "  u = torch.tensor(u)\n",
      "/Users/gil2rok/school/crispr-phylogeny2/code/Heracles/src/metrics.py:17: UserWarning: To copy construct from a tensor, it is recommended to use sourceTensor.clone().detach() or sourceTensor.clone().detach().requires_grad_(True), rather than torch.tensor(sourceTensor).\n",
      "  v = torch.tensor(v)\n"
     ]
    },
    {
     "name": "stdout",
     "output_type": "stream",
     "text": [
      "est_dist (21, 21) \n",
      " [[0.00000000e+00 4.47213592e-08 4.47213592e-08 2.72429333e+00\n",
      "  2.72429333e+00 2.72429333e+00 1.69067140e+00 4.01795059e+00\n",
      "  3.65475854e+00 4.89760125e+00 4.89760125e+00 4.89760125e+00\n",
      "  4.89760125e+00 4.89760125e+00 4.89760125e+00 3.99140302e+00\n",
      "  3.99140302e+00 3.99140302e+00 1.28822043e+00 2.12291438e+00\n",
      "  1.00517926e+00]\n",
      " [4.47213592e-08 0.00000000e+00 4.47213592e-08 2.72429333e+00\n",
      "  2.72429333e+00 2.72429333e+00 1.69067140e+00 4.01795059e+00\n",
      "  3.65475854e+00 4.89760125e+00 4.89760125e+00 4.89760125e+00\n",
      "  4.89760125e+00 4.89760125e+00 4.89760125e+00 3.99140302e+00\n",
      "  3.99140302e+00 3.99140302e+00 1.28822043e+00 2.12291438e+00\n",
      "  1.00517926e+00]\n",
      " [4.47213592e-08 4.47213592e-08 0.00000000e+00 2.72429333e+00\n",
      "  2.72429333e+00 2.72429333e+00 1.69067140e+00 4.01795059e+00\n",
      "  3.65475854e+00 4.89760125e+00 4.89760125e+00 4.89760125e+00\n",
      "  4.89760125e+00 4.89760125e+00 4.89760125e+00 3.99140302e+00\n",
      "  3.99140302e+00 3.99140302e+00 1.28822043e+00 2.12291438e+00\n",
      "  1.00517926e+00]\n",
      " [2.72429333e+00 2.72429333e+00 2.72429333e+00 0.00000000e+00\n",
      "  4.47213589e-08 4.47213589e-08 3.97429414e+00 4.72269720e+00\n",
      "  4.81320194e+00 6.40484143e+00 6.40484143e+00 6.40484143e+00\n",
      "  6.40484143e+00 6.40484143e+00 6.40484143e+00 3.52265508e+00\n",
      "  3.52265508e+00 3.52265508e+00 4.00894301e+00 3.52683205e+00\n",
      "  3.04327365e+00]\n",
      " [2.72429333e+00 2.72429333e+00 2.72429333e+00 4.47213589e-08\n",
      "  0.00000000e+00 4.47213589e-08 3.97429414e+00 4.72269720e+00\n",
      "  4.81320194e+00 6.40484143e+00 6.40484143e+00 6.40484143e+00\n",
      "  6.40484143e+00 6.40484143e+00 6.40484143e+00 3.52265508e+00\n",
      "  3.52265508e+00 3.52265508e+00 4.00894301e+00 3.52683205e+00\n",
      "  3.04327365e+00]\n",
      " [2.72429333e+00 2.72429333e+00 2.72429333e+00 4.47213589e-08\n",
      "  4.47213589e-08 0.00000000e+00 3.97429414e+00 4.72269720e+00\n",
      "  4.81320194e+00 6.40484143e+00 6.40484143e+00 6.40484143e+00\n",
      "  6.40484143e+00 6.40484143e+00 6.40484143e+00 3.52265508e+00\n",
      "  3.52265508e+00 3.52265508e+00 4.00894301e+00 3.52683205e+00\n",
      "  3.04327365e+00]\n",
      " [1.69067140e+00 1.69067140e+00 1.69067140e+00 3.97429414e+00\n",
      "  3.97429414e+00 3.97429414e+00 0.00000000e+00 4.02101852e+00\n",
      "  3.27048373e+00 4.07613318e+00 4.07613318e+00 4.07613318e+00\n",
      "  4.07613318e+00 4.07613318e+00 4.07613318e+00 4.61284650e+00\n",
      "  4.61284650e+00 4.61284650e+00 1.97390993e+00 1.71984991e+00\n",
      "  2.65905191e+00]\n",
      " [4.01795059e+00 4.01795059e+00 4.01795059e+00 4.72269720e+00\n",
      "  4.72269720e+00 4.72269720e+00 4.02101852e+00 0.00000000e+00\n",
      "  2.04382194e+00 4.55385752e+00 4.55385752e+00 4.55385752e+00\n",
      "  4.55385752e+00 4.55385752e+00 4.55385752e+00 3.62442795e+00\n",
      "  3.62442795e+00 3.62442795e+00 5.08007850e+00 2.37828995e+00\n",
      "  4.92015845e+00]\n",
      " [3.65475854e+00 3.65475854e+00 3.65475854e+00 4.81320194e+00\n",
      "  4.81320194e+00 4.81320194e+00 3.27048373e+00 2.04382194e+00\n",
      "  0.00000000e+00 2.75566113e+00 2.75566113e+00 2.75566113e+00\n",
      "  2.75566113e+00 2.75566113e+00 2.75566113e+00 4.33786519e+00\n",
      "  4.33786519e+00 4.33786519e+00 4.59373318e+00 1.57788600e+00\n",
      "  4.61459277e+00]\n",
      " [4.89760125e+00 4.89760125e+00 4.89760125e+00 6.40484143e+00\n",
      "  6.40484143e+00 6.40484143e+00 4.07613318e+00 4.55385752e+00\n",
      "  2.75566113e+00 0.00000000e+00 4.47213187e-08 4.47213187e-08\n",
      "  4.47213187e-08 4.47213187e-08 4.47213187e-08 6.27785701e+00\n",
      "  6.27785701e+00 6.27785701e+00 5.68495724e+00 2.87802040e+00\n",
      "  5.89116622e+00]\n",
      " [4.89760125e+00 4.89760125e+00 4.89760125e+00 6.40484143e+00\n",
      "  6.40484143e+00 6.40484143e+00 4.07613318e+00 4.55385752e+00\n",
      "  2.75566113e+00 4.47213187e-08 0.00000000e+00 4.47213187e-08\n",
      "  4.47213187e-08 4.47213187e-08 4.47213187e-08 6.27785701e+00\n",
      "  6.27785701e+00 6.27785701e+00 5.68495724e+00 2.87802040e+00\n",
      "  5.89116622e+00]\n",
      " [4.89760125e+00 4.89760125e+00 4.89760125e+00 6.40484143e+00\n",
      "  6.40484143e+00 6.40484143e+00 4.07613318e+00 4.55385752e+00\n",
      "  2.75566113e+00 4.47213187e-08 4.47213187e-08 0.00000000e+00\n",
      "  4.47213187e-08 4.47213187e-08 4.47213187e-08 6.27785701e+00\n",
      "  6.27785701e+00 6.27785701e+00 5.68495724e+00 2.87802040e+00\n",
      "  5.89116622e+00]\n",
      " [4.89760125e+00 4.89760125e+00 4.89760125e+00 6.40484143e+00\n",
      "  6.40484143e+00 6.40484143e+00 4.07613318e+00 4.55385752e+00\n",
      "  2.75566113e+00 4.47213187e-08 4.47213187e-08 4.47213187e-08\n",
      "  0.00000000e+00 4.47213187e-08 4.47213187e-08 6.27785701e+00\n",
      "  6.27785701e+00 6.27785701e+00 5.68495724e+00 2.87802040e+00\n",
      "  5.89116622e+00]\n",
      " [4.89760125e+00 4.89760125e+00 4.89760125e+00 6.40484143e+00\n",
      "  6.40484143e+00 6.40484143e+00 4.07613318e+00 4.55385752e+00\n",
      "  2.75566113e+00 4.47213187e-08 4.47213187e-08 4.47213187e-08\n",
      "  4.47213187e-08 0.00000000e+00 4.47213187e-08 6.27785701e+00\n",
      "  6.27785701e+00 6.27785701e+00 5.68495724e+00 2.87802040e+00\n",
      "  5.89116622e+00]\n",
      " [4.89760125e+00 4.89760125e+00 4.89760125e+00 6.40484143e+00\n",
      "  6.40484143e+00 6.40484143e+00 4.07613318e+00 4.55385752e+00\n",
      "  2.75566113e+00 4.47213187e-08 4.47213187e-08 4.47213187e-08\n",
      "  4.47213187e-08 4.47213187e-08 0.00000000e+00 6.27785701e+00\n",
      "  6.27785701e+00 6.27785701e+00 5.68495724e+00 2.87802040e+00\n",
      "  5.89116622e+00]\n",
      " [3.99140302e+00 3.99140302e+00 3.99140302e+00 3.52265508e+00\n",
      "  3.52265508e+00 3.52265508e+00 4.61284650e+00 3.62442795e+00\n",
      "  4.33786519e+00 6.27785701e+00 6.27785701e+00 6.27785701e+00\n",
      "  6.27785701e+00 6.27785701e+00 6.27785701e+00 0.00000000e+00\n",
      "  4.47213538e-08 4.47213538e-08 5.21342532e+00 3.50413834e+00\n",
      "  4.71827892e+00]\n",
      " [3.99140302e+00 3.99140302e+00 3.99140302e+00 3.52265508e+00\n",
      "  3.52265508e+00 3.52265508e+00 4.61284650e+00 3.62442795e+00\n",
      "  4.33786519e+00 6.27785701e+00 6.27785701e+00 6.27785701e+00\n",
      "  6.27785701e+00 6.27785701e+00 6.27785701e+00 4.47213538e-08\n",
      "  0.00000000e+00 4.47213538e-08 5.21342532e+00 3.50413834e+00\n",
      "  4.71827892e+00]\n",
      " [3.99140302e+00 3.99140302e+00 3.99140302e+00 3.52265508e+00\n",
      "  3.52265508e+00 3.52265508e+00 4.61284650e+00 3.62442795e+00\n",
      "  4.33786519e+00 6.27785701e+00 6.27785701e+00 6.27785701e+00\n",
      "  6.27785701e+00 6.27785701e+00 6.27785701e+00 4.47213538e-08\n",
      "  4.47213538e-08 0.00000000e+00 5.21342532e+00 3.50413834e+00\n",
      "  4.71827892e+00]\n",
      " [1.28822043e+00 1.28822043e+00 1.28822043e+00 4.00894301e+00\n",
      "  4.00894301e+00 4.00894301e+00 1.97390993e+00 5.08007850e+00\n",
      "  4.59373318e+00 5.68495724e+00 5.68495724e+00 5.68495724e+00\n",
      "  5.68495724e+00 5.68495724e+00 5.68495724e+00 5.21342532e+00\n",
      "  5.21342532e+00 5.21342532e+00 0.00000000e+00 3.02385286e+00\n",
      "  1.64605079e+00]\n",
      " [2.12291438e+00 2.12291438e+00 2.12291438e+00 3.52683205e+00\n",
      "  3.52683205e+00 3.52683205e+00 1.71984991e+00 2.37828995e+00\n",
      "  1.57788600e+00 2.87802040e+00 2.87802040e+00 2.87802040e+00\n",
      "  2.87802040e+00 2.87802040e+00 2.87802040e+00 3.50413834e+00\n",
      "  3.50413834e+00 3.50413834e+00 3.02385286e+00 0.00000000e+00\n",
      "  3.09945504e+00]\n",
      " [1.00517926e+00 1.00517926e+00 1.00517926e+00 3.04327365e+00\n",
      "  3.04327365e+00 3.04327365e+00 2.65905191e+00 4.92015845e+00\n",
      "  4.61459277e+00 5.89116622e+00 5.89116622e+00 5.89116622e+00\n",
      "  5.89116622e+00 5.89116622e+00 5.89116622e+00 4.71827892e+00\n",
      "  4.71827892e+00 4.71827892e+00 1.64605079e+00 3.09945504e+00\n",
      "  0.00000000e+00]]\n",
      "true_dist (21, 21) \n",
      " [[0.         2.09823416 2.09823416 1.65077847 1.1236227  2.09823416\n",
      "  2.09823416 2.09823416 2.09823416 2.09823416 2.09823416 2.09823416\n",
      "  2.09823416 2.09823416 2.09823416 2.09823416 1.1236227  1.1236227\n",
      "  2.09823416 2.09823416 1.43627757]\n",
      " [2.09823416 0.         1.86884681 2.09823416 2.09823416 1.23418219\n",
      "  1.86884681 1.86884681 1.86884681 1.86884681 0.72717142 0.72717142\n",
      "  1.86884681 1.86884681 1.86884681 1.86884681 2.09823416 2.09823416\n",
      "  1.86884681 1.86884681 1.43627757]\n",
      " [2.09823416 1.86884681 0.         2.09823416 2.09823416 1.86884681\n",
      "  1.28235613 1.28235613 1.28235613 1.28235613 1.86884681 1.86884681\n",
      "  1.28235613 1.28235613 0.94379354 0.94379354 2.09823416 2.09823416\n",
      "  1.28235613 1.28235613 1.43627757]\n",
      " [1.65077847 2.09823416 2.09823416 0.         1.65077847 2.09823416\n",
      "  2.09823416 2.09823416 2.09823416 2.09823416 2.09823416 2.09823416\n",
      "  2.09823416 2.09823416 2.09823416 2.09823416 1.65077847 1.65077847\n",
      "  2.09823416 2.09823416 1.43627757]\n",
      " [1.1236227  2.09823416 2.09823416 1.65077847 0.         2.09823416\n",
      "  2.09823416 2.09823416 2.09823416 2.09823416 2.09823416 2.09823416\n",
      "  2.09823416 2.09823416 2.09823416 2.09823416 0.59921446 0.59921446\n",
      "  2.09823416 2.09823416 1.43627757]\n",
      " [2.09823416 1.23418219 1.86884681 2.09823416 2.09823416 0.\n",
      "  1.86884681 1.86884681 1.86884681 1.86884681 1.23418219 1.23418219\n",
      "  1.86884681 1.86884681 1.86884681 1.86884681 2.09823416 2.09823416\n",
      "  1.86884681 1.86884681 1.43627757]\n",
      " [2.09823416 1.86884681 1.28235613 2.09823416 2.09823416 1.86884681\n",
      "  0.         0.41425366 0.53207443 0.53207443 1.86884681 1.86884681\n",
      "  0.53207443 0.53207443 1.28235613 1.28235613 2.09823416 2.09823416\n",
      "  0.66407966 0.66407966 1.43627757]\n",
      " [2.09823416 1.86884681 1.28235613 2.09823416 2.09823416 1.86884681\n",
      "  0.41425366 0.         0.53207443 0.53207443 1.86884681 1.86884681\n",
      "  0.53207443 0.53207443 1.28235613 1.28235613 2.09823416 2.09823416\n",
      "  0.66407966 0.66407966 1.43627757]\n",
      " [2.09823416 1.86884681 1.28235613 2.09823416 2.09823416 1.86884681\n",
      "  0.53207443 0.53207443 0.         0.38599275 1.86884681 1.86884681\n",
      "  0.46694004 0.46694004 1.28235613 1.28235613 2.09823416 2.09823416\n",
      "  0.66407966 0.66407966 1.43627757]\n",
      " [2.09823416 1.86884681 1.28235613 2.09823416 2.09823416 1.86884681\n",
      "  0.53207443 0.53207443 0.38599275 0.         1.86884681 1.86884681\n",
      "  0.46694004 0.46694004 1.28235613 1.28235613 2.09823416 2.09823416\n",
      "  0.66407966 0.66407966 1.43627757]\n",
      " [2.09823416 0.72717142 1.86884681 2.09823416 2.09823416 1.23418219\n",
      "  1.86884681 1.86884681 1.86884681 1.86884681 0.         0.1660267\n",
      "  1.86884681 1.86884681 1.86884681 1.86884681 2.09823416 2.09823416\n",
      "  1.86884681 1.86884681 1.43627757]\n",
      " [2.09823416 0.72717142 1.86884681 2.09823416 2.09823416 1.23418219\n",
      "  1.86884681 1.86884681 1.86884681 1.86884681 0.1660267  0.\n",
      "  1.86884681 1.86884681 1.86884681 1.86884681 2.09823416 2.09823416\n",
      "  1.86884681 1.86884681 1.43627757]\n",
      " [2.09823416 1.86884681 1.28235613 2.09823416 2.09823416 1.86884681\n",
      "  0.53207443 0.53207443 0.46694004 0.46694004 1.86884681 1.86884681\n",
      "  0.         0.14190901 1.28235613 1.28235613 2.09823416 2.09823416\n",
      "  0.66407966 0.66407966 1.43627757]\n",
      " [2.09823416 1.86884681 1.28235613 2.09823416 2.09823416 1.86884681\n",
      "  0.53207443 0.53207443 0.46694004 0.46694004 1.86884681 1.86884681\n",
      "  0.14190901 0.         1.28235613 1.28235613 2.09823416 2.09823416\n",
      "  0.66407966 0.66407966 1.43627757]\n",
      " [2.09823416 1.86884681 0.94379354 2.09823416 2.09823416 1.86884681\n",
      "  1.28235613 1.28235613 1.28235613 1.28235613 1.86884681 1.86884681\n",
      "  1.28235613 1.28235613 0.         0.07989958 2.09823416 2.09823416\n",
      "  1.28235613 1.28235613 1.43627757]\n",
      " [2.09823416 1.86884681 0.94379354 2.09823416 2.09823416 1.86884681\n",
      "  1.28235613 1.28235613 1.28235613 1.28235613 1.86884681 1.86884681\n",
      "  1.28235613 1.28235613 0.07989958 0.         2.09823416 2.09823416\n",
      "  1.28235613 1.28235613 1.43627757]\n",
      " [1.1236227  2.09823416 2.09823416 1.65077847 0.59921446 2.09823416\n",
      "  2.09823416 2.09823416 2.09823416 2.09823416 2.09823416 2.09823416\n",
      "  2.09823416 2.09823416 2.09823416 2.09823416 0.         0.04372072\n",
      "  2.09823416 2.09823416 1.43627757]\n",
      " [1.1236227  2.09823416 2.09823416 1.65077847 0.59921446 2.09823416\n",
      "  2.09823416 2.09823416 2.09823416 2.09823416 2.09823416 2.09823416\n",
      "  2.09823416 2.09823416 2.09823416 2.09823416 0.04372072 0.\n",
      "  2.09823416 2.09823416 1.43627757]\n",
      " [2.09823416 1.86884681 1.28235613 2.09823416 2.09823416 1.86884681\n",
      "  0.66407966 0.66407966 0.66407966 0.66407966 1.86884681 1.86884681\n",
      "  0.66407966 0.66407966 1.28235613 1.28235613 2.09823416 2.09823416\n",
      "  0.         0.02531101 1.43627757]\n",
      " [2.09823416 1.86884681 1.28235613 2.09823416 2.09823416 1.86884681\n",
      "  0.66407966 0.66407966 0.66407966 0.66407966 1.86884681 1.86884681\n",
      "  0.66407966 0.66407966 1.28235613 1.28235613 2.09823416 2.09823416\n",
      "  0.02531101 0.         1.43627757]\n",
      " [1.43627757 1.43627757 1.43627757 1.43627757 1.43627757 1.43627757\n",
      "  1.43627757 1.43627757 1.43627757 1.43627757 1.43627757 1.43627757\n",
      "  1.43627757 1.43627757 1.43627757 1.43627757 1.43627757 1.43627757\n",
      "  1.43627757 1.43627757        nan]]\n"
     ]
    },
    {
     "name": "stderr",
     "output_type": "stream",
     "text": [
      "/Users/gil2rok/mambaforge/envs/crispr-phylogeny/lib/python3.10/site-packages/cassiopeia/data/utilities.py:166: CassiopeiaTreeWarning: Failed to numbaize dissimilarity function. Falling back to Python.\n",
      "  warnings.warn(\n",
      "/Users/gil2rok/school/crispr-phylogeny2/code/Heracles/src/metrics.py:16: UserWarning: To copy construct from a tensor, it is recommended to use sourceTensor.clone().detach() or sourceTensor.clone().detach().requires_grad_(True), rather than torch.tensor(sourceTensor).\n",
      "  u = torch.tensor(u)\n",
      "/Users/gil2rok/school/crispr-phylogeny2/code/Heracles/src/metrics.py:17: UserWarning: To copy construct from a tensor, it is recommended to use sourceTensor.clone().detach() or sourceTensor.clone().detach().requires_grad_(True), rather than torch.tensor(sourceTensor).\n",
      "  v = torch.tensor(v)\n"
     ]
    },
    {
     "name": "stdout",
     "output_type": "stream",
     "text": [
      "est_dist (21, 21) \n",
      " [[0.00000000e+00 4.47213592e-08 4.47213592e-08 3.59945811e+00\n",
      "  3.59945811e+00 3.59945811e+00 2.19084889e+00 4.60364225e+00\n",
      "  4.27931988e+00 5.15097573e+00 5.15097573e+00 5.15097573e+00\n",
      "  5.15097573e+00 5.15097573e+00 5.15097573e+00 5.36087171e+00\n",
      "  5.36087171e+00 5.36087171e+00 1.55929533e+00 2.73411614e+00\n",
      "  1.22744527e+00]\n",
      " [4.47213592e-08 0.00000000e+00 4.47213592e-08 3.59945811e+00\n",
      "  3.59945811e+00 3.59945811e+00 2.19084889e+00 4.60364225e+00\n",
      "  4.27931988e+00 5.15097573e+00 5.15097573e+00 5.15097573e+00\n",
      "  5.15097573e+00 5.15097573e+00 5.15097573e+00 5.36087171e+00\n",
      "  5.36087171e+00 5.36087171e+00 1.55929533e+00 2.73411614e+00\n",
      "  1.22744527e+00]\n",
      " [4.47213592e-08 4.47213592e-08 0.00000000e+00 3.59945811e+00\n",
      "  3.59945811e+00 3.59945811e+00 2.19084889e+00 4.60364225e+00\n",
      "  4.27931988e+00 5.15097573e+00 5.15097573e+00 5.15097573e+00\n",
      "  5.15097573e+00 5.15097573e+00 5.15097573e+00 5.36087171e+00\n",
      "  5.36087171e+00 5.36087171e+00 1.55929533e+00 2.73411614e+00\n",
      "  1.22744527e+00]\n",
      " [3.59945811e+00 3.59945811e+00 3.59945811e+00 0.00000000e+00\n",
      "  4.47213589e-08 4.47213589e-08 5.17230849e+00 5.81473851e+00\n",
      "  5.97081090e+00 7.20908802e+00 7.20908802e+00 7.20908802e+00\n",
      "  7.20908802e+00 7.20908802e+00 7.20908802e+00 5.29009487e+00\n",
      "  5.29009487e+00 5.29009487e+00 5.15775619e+00 4.77934293e+00\n",
      "  3.98623415e+00]\n",
      " [3.59945811e+00 3.59945811e+00 3.59945811e+00 4.47213589e-08\n",
      "  0.00000000e+00 4.47213589e-08 5.17230849e+00 5.81473851e+00\n",
      "  5.97081090e+00 7.20908802e+00 7.20908802e+00 7.20908802e+00\n",
      "  7.20908802e+00 7.20908802e+00 7.20908802e+00 5.29009487e+00\n",
      "  5.29009487e+00 5.29009487e+00 5.15775619e+00 4.77934293e+00\n",
      "  3.98623415e+00]\n",
      " [3.59945811e+00 3.59945811e+00 3.59945811e+00 4.47213589e-08\n",
      "  4.47213589e-08 0.00000000e+00 5.17230849e+00 5.81473851e+00\n",
      "  5.97081090e+00 7.20908802e+00 7.20908802e+00 7.20908802e+00\n",
      "  7.20908802e+00 7.20908802e+00 7.20908802e+00 5.29009487e+00\n",
      "  5.29009487e+00 5.29009487e+00 5.15775619e+00 4.77934293e+00\n",
      "  3.98623415e+00]\n",
      " [2.19084889e+00 2.19084889e+00 2.19084889e+00 5.17230849e+00\n",
      "  5.17230849e+00 5.17230849e+00 0.00000000e+00 4.82191929e+00\n",
      "  4.06360555e+00 4.44564038e+00 4.44564038e+00 4.44564038e+00\n",
      "  4.44564038e+00 4.44564038e+00 4.44564038e+00 6.23586714e+00\n",
      "  6.23586714e+00 6.23586714e+00 2.58200167e+00 2.25350642e+00\n",
      "  3.41072294e+00]\n",
      " [4.60364225e+00 4.60364225e+00 4.60364225e+00 5.81473851e+00\n",
      "  5.81473851e+00 5.81473851e+00 4.82191929e+00 0.00000000e+00\n",
      "  2.60167742e+00 4.94166964e+00 4.94166964e+00 4.94166964e+00\n",
      "  4.94166964e+00 4.94166964e+00 4.94166964e+00 5.05322981e+00\n",
      "  5.05322981e+00 5.05322981e+00 5.88524899e+00 2.99744515e+00\n",
      "  5.64681854e+00]\n",
      " [4.27931988e+00 4.27931988e+00 4.27931988e+00 5.97081090e+00\n",
      "  5.97081090e+00 5.97081090e+00 4.06360555e+00 2.60167742e+00\n",
      "  0.00000000e+00 2.96256035e+00 2.96256035e+00 2.96256035e+00\n",
      "  2.96256035e+00 2.96256035e+00 2.96256035e+00 5.87937413e+00\n",
      "  5.87937413e+00 5.87937413e+00 5.43753203e+00 1.85107156e+00\n",
      "  5.39816386e+00]\n",
      " [5.15097573e+00 5.15097573e+00 5.15097573e+00 7.20908802e+00\n",
      "  7.20908802e+00 7.20908802e+00 4.44564038e+00 4.94166964e+00\n",
      "  2.96256035e+00 0.00000000e+00 4.47212785e-08 4.47212785e-08\n",
      "  4.47212785e-08 4.47212785e-08 4.47212785e-08 7.48948013e+00\n",
      "  7.48948013e+00 7.48948013e+00 6.16731197e+00 2.43845436e+00\n",
      "  6.32286648e+00]\n",
      " [5.15097573e+00 5.15097573e+00 5.15097573e+00 7.20908802e+00\n",
      "  7.20908802e+00 7.20908802e+00 4.44564038e+00 4.94166964e+00\n",
      "  2.96256035e+00 4.47212785e-08 0.00000000e+00 4.47212785e-08\n",
      "  4.47212785e-08 4.47212785e-08 4.47212785e-08 7.48948013e+00\n",
      "  7.48948013e+00 7.48948013e+00 6.16731197e+00 2.43845436e+00\n",
      "  6.32286648e+00]\n",
      " [5.15097573e+00 5.15097573e+00 5.15097573e+00 7.20908802e+00\n",
      "  7.20908802e+00 7.20908802e+00 4.44564038e+00 4.94166964e+00\n",
      "  2.96256035e+00 4.47212785e-08 4.47212785e-08 0.00000000e+00\n",
      "  4.47212785e-08 4.47212785e-08 4.47212785e-08 7.48948013e+00\n",
      "  7.48948013e+00 7.48948013e+00 6.16731197e+00 2.43845436e+00\n",
      "  6.32286648e+00]\n",
      " [5.15097573e+00 5.15097573e+00 5.15097573e+00 7.20908802e+00\n",
      "  7.20908802e+00 7.20908802e+00 4.44564038e+00 4.94166964e+00\n",
      "  2.96256035e+00 4.47212785e-08 4.47212785e-08 4.47212785e-08\n",
      "  0.00000000e+00 4.47212785e-08 4.47212785e-08 7.48948013e+00\n",
      "  7.48948013e+00 7.48948013e+00 6.16731197e+00 2.43845436e+00\n",
      "  6.32286648e+00]\n",
      " [5.15097573e+00 5.15097573e+00 5.15097573e+00 7.20908802e+00\n",
      "  7.20908802e+00 7.20908802e+00 4.44564038e+00 4.94166964e+00\n",
      "  2.96256035e+00 4.47212785e-08 4.47212785e-08 4.47212785e-08\n",
      "  4.47212785e-08 0.00000000e+00 4.47212785e-08 7.48948013e+00\n",
      "  7.48948013e+00 7.48948013e+00 6.16731197e+00 2.43845436e+00\n",
      "  6.32286648e+00]\n",
      " [5.15097573e+00 5.15097573e+00 5.15097573e+00 7.20908802e+00\n",
      "  7.20908802e+00 7.20908802e+00 4.44564038e+00 4.94166964e+00\n",
      "  2.96256035e+00 4.47212785e-08 4.47212785e-08 4.47212785e-08\n",
      "  4.47212785e-08 4.47212785e-08 0.00000000e+00 7.48948013e+00\n",
      "  7.48948013e+00 7.48948013e+00 6.16731197e+00 2.43845436e+00\n",
      "  6.32286648e+00]\n",
      " [5.36087171e+00 5.36087171e+00 5.36087171e+00 5.29009487e+00\n",
      "  5.29009487e+00 5.29009487e+00 6.23586714e+00 5.05322981e+00\n",
      "  5.87937413e+00 7.48948013e+00 7.48948013e+00 7.48948013e+00\n",
      "  7.48948013e+00 7.48948013e+00 7.48948013e+00 0.00000000e+00\n",
      "  4.76837158e-07 4.76837158e-07 6.81117985e+00 5.15198001e+00\n",
      "  6.20471560e+00]\n",
      " [5.36087171e+00 5.36087171e+00 5.36087171e+00 5.29009487e+00\n",
      "  5.29009487e+00 5.29009487e+00 6.23586714e+00 5.05322981e+00\n",
      "  5.87937413e+00 7.48948013e+00 7.48948013e+00 7.48948013e+00\n",
      "  7.48948013e+00 7.48948013e+00 7.48948013e+00 4.76837158e-07\n",
      "  0.00000000e+00 4.76837158e-07 6.81117985e+00 5.15198001e+00\n",
      "  6.20471560e+00]\n",
      " [5.36087171e+00 5.36087171e+00 5.36087171e+00 5.29009487e+00\n",
      "  5.29009487e+00 5.29009487e+00 6.23586714e+00 5.05322981e+00\n",
      "  5.87937413e+00 7.48948013e+00 7.48948013e+00 7.48948013e+00\n",
      "  7.48948013e+00 7.48948013e+00 7.48948013e+00 4.76837158e-07\n",
      "  4.76837158e-07 0.00000000e+00 6.81117985e+00 5.15198001e+00\n",
      "  6.20471560e+00]\n",
      " [1.55929533e+00 1.55929533e+00 1.55929533e+00 5.15775619e+00\n",
      "  5.15775619e+00 5.15775619e+00 2.58200167e+00 5.88524899e+00\n",
      "  5.43753203e+00 6.16731197e+00 6.16731197e+00 6.16731197e+00\n",
      "  6.16731197e+00 6.16731197e+00 6.16731197e+00 6.81117985e+00\n",
      "  6.81117985e+00 6.81117985e+00 0.00000000e+00 3.79206773e+00\n",
      "  2.23884648e+00]\n",
      " [2.73411614e+00 2.73411614e+00 2.73411614e+00 4.77934293e+00\n",
      "  4.77934293e+00 4.77934293e+00 2.25350642e+00 2.99744515e+00\n",
      "  1.85107156e+00 2.43845436e+00 2.43845436e+00 2.43845436e+00\n",
      "  2.43845436e+00 2.43845436e+00 2.43845436e+00 5.15198001e+00\n",
      "  5.15198001e+00 5.15198001e+00 3.79206773e+00 0.00000000e+00\n",
      "  3.89760228e+00]\n",
      " [1.22744527e+00 1.22744527e+00 1.22744527e+00 3.98623415e+00\n",
      "  3.98623415e+00 3.98623415e+00 3.41072294e+00 5.64681854e+00\n",
      "  5.39816386e+00 6.32286648e+00 6.32286648e+00 6.32286648e+00\n",
      "  6.32286648e+00 6.32286648e+00 6.32286648e+00 6.20471560e+00\n",
      "  6.20471560e+00 6.20471560e+00 2.23884648e+00 3.89760228e+00\n",
      "  0.00000000e+00]]\n",
      "true_dist (21, 21) \n",
      " [[0.         2.09823416 2.09823416 1.65077847 1.1236227  2.09823416\n",
      "  2.09823416 2.09823416 2.09823416 2.09823416 2.09823416 2.09823416\n",
      "  2.09823416 2.09823416 2.09823416 2.09823416 1.1236227  1.1236227\n",
      "  2.09823416 2.09823416 1.43627757]\n",
      " [2.09823416 0.         1.86884681 2.09823416 2.09823416 1.23418219\n",
      "  1.86884681 1.86884681 1.86884681 1.86884681 0.72717142 0.72717142\n",
      "  1.86884681 1.86884681 1.86884681 1.86884681 2.09823416 2.09823416\n",
      "  1.86884681 1.86884681 1.43627757]\n",
      " [2.09823416 1.86884681 0.         2.09823416 2.09823416 1.86884681\n",
      "  1.28235613 1.28235613 1.28235613 1.28235613 1.86884681 1.86884681\n",
      "  1.28235613 1.28235613 0.94379354 0.94379354 2.09823416 2.09823416\n",
      "  1.28235613 1.28235613 1.43627757]\n",
      " [1.65077847 2.09823416 2.09823416 0.         1.65077847 2.09823416\n",
      "  2.09823416 2.09823416 2.09823416 2.09823416 2.09823416 2.09823416\n",
      "  2.09823416 2.09823416 2.09823416 2.09823416 1.65077847 1.65077847\n",
      "  2.09823416 2.09823416 1.43627757]\n",
      " [1.1236227  2.09823416 2.09823416 1.65077847 0.         2.09823416\n",
      "  2.09823416 2.09823416 2.09823416 2.09823416 2.09823416 2.09823416\n",
      "  2.09823416 2.09823416 2.09823416 2.09823416 0.59921446 0.59921446\n",
      "  2.09823416 2.09823416 1.43627757]\n",
      " [2.09823416 1.23418219 1.86884681 2.09823416 2.09823416 0.\n",
      "  1.86884681 1.86884681 1.86884681 1.86884681 1.23418219 1.23418219\n",
      "  1.86884681 1.86884681 1.86884681 1.86884681 2.09823416 2.09823416\n",
      "  1.86884681 1.86884681 1.43627757]\n",
      " [2.09823416 1.86884681 1.28235613 2.09823416 2.09823416 1.86884681\n",
      "  0.         0.41425366 0.53207443 0.53207443 1.86884681 1.86884681\n",
      "  0.53207443 0.53207443 1.28235613 1.28235613 2.09823416 2.09823416\n",
      "  0.66407966 0.66407966 1.43627757]\n",
      " [2.09823416 1.86884681 1.28235613 2.09823416 2.09823416 1.86884681\n",
      "  0.41425366 0.         0.53207443 0.53207443 1.86884681 1.86884681\n",
      "  0.53207443 0.53207443 1.28235613 1.28235613 2.09823416 2.09823416\n",
      "  0.66407966 0.66407966 1.43627757]\n",
      " [2.09823416 1.86884681 1.28235613 2.09823416 2.09823416 1.86884681\n",
      "  0.53207443 0.53207443 0.         0.38599275 1.86884681 1.86884681\n",
      "  0.46694004 0.46694004 1.28235613 1.28235613 2.09823416 2.09823416\n",
      "  0.66407966 0.66407966 1.43627757]\n",
      " [2.09823416 1.86884681 1.28235613 2.09823416 2.09823416 1.86884681\n",
      "  0.53207443 0.53207443 0.38599275 0.         1.86884681 1.86884681\n",
      "  0.46694004 0.46694004 1.28235613 1.28235613 2.09823416 2.09823416\n",
      "  0.66407966 0.66407966 1.43627757]\n",
      " [2.09823416 0.72717142 1.86884681 2.09823416 2.09823416 1.23418219\n",
      "  1.86884681 1.86884681 1.86884681 1.86884681 0.         0.1660267\n",
      "  1.86884681 1.86884681 1.86884681 1.86884681 2.09823416 2.09823416\n",
      "  1.86884681 1.86884681 1.43627757]\n",
      " [2.09823416 0.72717142 1.86884681 2.09823416 2.09823416 1.23418219\n",
      "  1.86884681 1.86884681 1.86884681 1.86884681 0.1660267  0.\n",
      "  1.86884681 1.86884681 1.86884681 1.86884681 2.09823416 2.09823416\n",
      "  1.86884681 1.86884681 1.43627757]\n",
      " [2.09823416 1.86884681 1.28235613 2.09823416 2.09823416 1.86884681\n",
      "  0.53207443 0.53207443 0.46694004 0.46694004 1.86884681 1.86884681\n",
      "  0.         0.14190901 1.28235613 1.28235613 2.09823416 2.09823416\n",
      "  0.66407966 0.66407966 1.43627757]\n",
      " [2.09823416 1.86884681 1.28235613 2.09823416 2.09823416 1.86884681\n",
      "  0.53207443 0.53207443 0.46694004 0.46694004 1.86884681 1.86884681\n",
      "  0.14190901 0.         1.28235613 1.28235613 2.09823416 2.09823416\n",
      "  0.66407966 0.66407966 1.43627757]\n",
      " [2.09823416 1.86884681 0.94379354 2.09823416 2.09823416 1.86884681\n",
      "  1.28235613 1.28235613 1.28235613 1.28235613 1.86884681 1.86884681\n",
      "  1.28235613 1.28235613 0.         0.07989958 2.09823416 2.09823416\n",
      "  1.28235613 1.28235613 1.43627757]\n",
      " [2.09823416 1.86884681 0.94379354 2.09823416 2.09823416 1.86884681\n",
      "  1.28235613 1.28235613 1.28235613 1.28235613 1.86884681 1.86884681\n",
      "  1.28235613 1.28235613 0.07989958 0.         2.09823416 2.09823416\n",
      "  1.28235613 1.28235613 1.43627757]\n",
      " [1.1236227  2.09823416 2.09823416 1.65077847 0.59921446 2.09823416\n",
      "  2.09823416 2.09823416 2.09823416 2.09823416 2.09823416 2.09823416\n",
      "  2.09823416 2.09823416 2.09823416 2.09823416 0.         0.04372072\n",
      "  2.09823416 2.09823416 1.43627757]\n",
      " [1.1236227  2.09823416 2.09823416 1.65077847 0.59921446 2.09823416\n",
      "  2.09823416 2.09823416 2.09823416 2.09823416 2.09823416 2.09823416\n",
      "  2.09823416 2.09823416 2.09823416 2.09823416 0.04372072 0.\n",
      "  2.09823416 2.09823416 1.43627757]\n",
      " [2.09823416 1.86884681 1.28235613 2.09823416 2.09823416 1.86884681\n",
      "  0.66407966 0.66407966 0.66407966 0.66407966 1.86884681 1.86884681\n",
      "  0.66407966 0.66407966 1.28235613 1.28235613 2.09823416 2.09823416\n",
      "  0.         0.02531101 1.43627757]\n",
      " [2.09823416 1.86884681 1.28235613 2.09823416 2.09823416 1.86884681\n",
      "  0.66407966 0.66407966 0.66407966 0.66407966 1.86884681 1.86884681\n",
      "  0.66407966 0.66407966 1.28235613 1.28235613 2.09823416 2.09823416\n",
      "  0.02531101 0.         1.43627757]\n",
      " [1.43627757 1.43627757 1.43627757 1.43627757 1.43627757 1.43627757\n",
      "  1.43627757 1.43627757 1.43627757 1.43627757 1.43627757 1.43627757\n",
      "  1.43627757 1.43627757 1.43627757 1.43627757 1.43627757 1.43627757\n",
      "  1.43627757 1.43627757        nan]]\n"
     ]
    },
    {
     "name": "stderr",
     "output_type": "stream",
     "text": [
      "/Users/gil2rok/mambaforge/envs/crispr-phylogeny/lib/python3.10/site-packages/cassiopeia/data/utilities.py:166: CassiopeiaTreeWarning: Failed to numbaize dissimilarity function. Falling back to Python.\n",
      "  warnings.warn(\n",
      "/Users/gil2rok/school/crispr-phylogeny2/code/Heracles/src/metrics.py:16: UserWarning: To copy construct from a tensor, it is recommended to use sourceTensor.clone().detach() or sourceTensor.clone().detach().requires_grad_(True), rather than torch.tensor(sourceTensor).\n",
      "  u = torch.tensor(u)\n",
      "/Users/gil2rok/school/crispr-phylogeny2/code/Heracles/src/metrics.py:17: UserWarning: To copy construct from a tensor, it is recommended to use sourceTensor.clone().detach() or sourceTensor.clone().detach().requires_grad_(True), rather than torch.tensor(sourceTensor).\n",
      "  v = torch.tensor(v)\n"
     ]
    },
    {
     "name": "stdout",
     "output_type": "stream",
     "text": [
      "est_dist (21, 21) \n",
      " [[0.00000000e+00 4.47213589e-08 4.47213589e-08 4.27421698e+00\n",
      "  4.27421698e+00 4.27421698e+00 2.57058526e+00 5.02650196e+00\n",
      "  4.74665316e+00 5.36406385e+00 5.36406385e+00 5.36406385e+00\n",
      "  5.36406385e+00 5.36406385e+00 5.36406385e+00 6.39115925e+00\n",
      "  6.39115925e+00 6.39115925e+00 1.75375667e+00 3.31863344e+00\n",
      "  1.38615046e+00]\n",
      " [4.47213589e-08 0.00000000e+00 4.47213589e-08 4.27421698e+00\n",
      "  4.27421698e+00 4.27421698e+00 2.57058526e+00 5.02650196e+00\n",
      "  4.74665316e+00 5.36406385e+00 5.36406385e+00 5.36406385e+00\n",
      "  5.36406385e+00 5.36406385e+00 5.36406385e+00 6.39115925e+00\n",
      "  6.39115925e+00 6.39115925e+00 1.75375667e+00 3.31863344e+00\n",
      "  1.38615046e+00]\n",
      " [4.47213589e-08 4.47213589e-08 0.00000000e+00 4.27421698e+00\n",
      "  4.27421698e+00 4.27421698e+00 2.57058526e+00 5.02650196e+00\n",
      "  4.74665316e+00 5.36406385e+00 5.36406385e+00 5.36406385e+00\n",
      "  5.36406385e+00 5.36406385e+00 5.36406385e+00 6.39115925e+00\n",
      "  6.39115925e+00 6.39115925e+00 1.75375667e+00 3.31863344e+00\n",
      "  1.38615046e+00]\n",
      " [4.27421698e+00 4.27421698e+00 4.27421698e+00 0.00000000e+00\n",
      "  1.68587394e-07 1.68587394e-07 6.05172554e+00 6.60960668e+00\n",
      "  6.81999565e+00 7.81920817e+00 7.81920817e+00 7.81920817e+00\n",
      "  7.81920817e+00 7.81920817e+00 7.81920817e+00 6.66242675e+00\n",
      "  6.66242675e+00 6.66242675e+00 6.01532163e+00 5.83489737e+00\n",
      "  4.70721451e+00]\n",
      " [4.27421698e+00 4.27421698e+00 4.27421698e+00 1.68587394e-07\n",
      "  0.00000000e+00 1.68587394e-07 6.05172554e+00 6.60960668e+00\n",
      "  6.81999565e+00 7.81920817e+00 7.81920817e+00 7.81920817e+00\n",
      "  7.81920817e+00 7.81920817e+00 7.81920817e+00 6.66242675e+00\n",
      "  6.66242675e+00 6.66242675e+00 6.01532163e+00 5.83489737e+00\n",
      "  4.70721451e+00]\n",
      " [4.27421698e+00 4.27421698e+00 4.27421698e+00 1.68587394e-07\n",
      "  1.68587394e-07 0.00000000e+00 6.05172554e+00 6.60960668e+00\n",
      "  6.81999565e+00 7.81920817e+00 7.81920817e+00 7.81920817e+00\n",
      "  7.81920817e+00 7.81920817e+00 7.81920817e+00 6.66242675e+00\n",
      "  6.66242675e+00 6.66242675e+00 6.01532163e+00 5.83489737e+00\n",
      "  4.70721451e+00]\n",
      " [2.57058526e+00 2.57058526e+00 2.57058526e+00 6.05172554e+00\n",
      "  6.05172554e+00 6.05172554e+00 0.00000000e+00 5.40274304e+00\n",
      "  4.67630868e+00 4.78298213e+00 4.78298213e+00 4.78298213e+00\n",
      "  4.78298213e+00 4.78298213e+00 4.78298213e+00 7.43573298e+00\n",
      "  7.43573298e+00 7.43573298e+00 3.07351277e+00 2.76754503e+00\n",
      "  3.95651443e+00]\n",
      " [5.02650196e+00 5.02650196e+00 5.02650196e+00 6.60960668e+00\n",
      "  6.60960668e+00 6.60960668e+00 5.40274304e+00 0.00000000e+00\n",
      "  3.02282164e+00 5.23880933e+00 5.23880933e+00 5.23880933e+00\n",
      "  5.23880933e+00 5.23880933e+00 5.23880933e+00 6.14011754e+00\n",
      "  6.14011754e+00 6.14011754e+00 6.45766885e+00 3.66557175e+00\n",
      "  6.14504007e+00]\n",
      " [4.74665316e+00 4.74665316e+00 4.74665316e+00 6.81999565e+00\n",
      "  6.81999565e+00 6.81999565e+00 4.67630868e+00 3.02282164e+00\n",
      "  0.00000000e+00 3.21290655e+00 3.21290655e+00 3.21290655e+00\n",
      "  3.21290655e+00 3.21290655e+00 3.21290655e+00 7.02964461e+00\n",
      "  7.02964461e+00 7.02964461e+00 6.05793264e+00 2.27840673e+00\n",
      "  5.95164294e+00]\n",
      " [5.36406385e+00 5.36406385e+00 5.36406385e+00 7.81920817e+00\n",
      "  7.81920817e+00 7.81920817e+00 4.78298213e+00 5.23880933e+00\n",
      "  3.21290655e+00 0.00000000e+00 3.37174788e-07 3.37174788e-07\n",
      "  3.37174788e-07 3.37174788e-07 3.37174788e-07 8.41310005e+00\n",
      "  8.41310005e+00 8.41310005e+00 6.53995176e+00 2.05282863e+00\n",
      "  6.63532640e+00]\n",
